0 3
1 2
2 1
3 0
4 3
6 7
7 7
8 2
9 0
10 0
11 1
12 3
14 1
15 3
16 0
17 6
18 3
19 3
20 3
22 2
23 7
24 7
25 4
26 2
27 4
28 3
30 7
31 3
32 5
33 2
34 5
35 5
36 3
38 1
39 7
40 3
41 0
42 7
43 7
44 3
46 2
47 3
48 2
49 6
50 6
51 0
52 3
54 7
55 7
56 0
57 4
58 1
59 1
60 3
62 1
63 3
64 7
65 2
66 0
67 3
68 3
70 2
71 7
72 5
73 0
74 3
75 4
76 3
78 7
79 3
80 3
81 6
82 2
83 5
84 3
86 1
87 7
88 2
89 4
90 5
91 7
92 3
94 2
95 3
96 0
97 2
98 7
99 0
100 3
102 7
103 7
104 7
105 0
106 6
107 1
108 3
110 1
111 3
112 5
113 6
114 1
115 3
116 3
118 2
119 7
120 3
121 4
122 0
123 4
124 3
126 7
127 3
128 2
129 2
130 3
131 5
132 3
134 1
135 7
136 0
137 0
138 2
139 7
140 3
142 2
143 3
144 7
145 6
146 5
147 0
148 3
150 7
151 7
152 5
153 4
154 7
155 1
156 3
158 1
159 3
160 3
161 2
162 6
163 3
164 3
166 2
167 7
168 2
169 0
170 1
171 4
172 3
174 7
175 3
176 0
177 6
178 0
179 5
180 3
182 1
183 7
184 7
185 4
186 3
187 7
188 3
190 2
191 3
192 5
193 2
194 2
195 0
196 3
198 7
199 7
200 3
201 0
202 5
203 1
204 3
206 1
207 3
208 2
209 6
210 7
211 3
212 3
214 2
215 7
216 0
217 4
218 6
219 4
220 3
222 7
223 3
224 7
225 2
226 1
227 5
228 3
230 1
231 7
232 5
233 0
234 0
235 7
236 3
238 2
239 3
240 3
241 6
242 3
243 0
244 3
246 7
247 7
248 2
249 4
250 2
251 1
252 3
254 1
255 3
