3,2,116~5,2,116
9,1,116~9,3,116
6,1,72~6,3,72
4,9,97~6,9,97
2,5,125~2,7,125
4,5,37~7,5,37
0,6,58~0,8,58
8,7,130~8,7,131
0,1,33~0,3,33
6,1,60~8,1,60
2,1,155~4,1,155
4,8,276~7,8,276
8,2,102~8,4,102
5,5,286~7,5,286
4,3,159~8,3,159
1,3,279~1,7,279
6,5,36~6,7,36
6,3,144~7,3,144
8,1,197~8,1,199
5,6,14~6,6,14
1,4,261~4,4,261
2,0,240~2,2,240
2,6,101~2,8,101
7,8,152~8,8,152
1,6,51~1,6,52
9,7,64~9,9,64
0,6,221~3,6,221
9,0,149~9,1,149
1,0,227~1,2,227
5,6,218~5,8,218
1,8,27~3,8,27
5,1,82~5,3,82
7,2,180~7,4,180
2,5,48~2,7,48
4,4,181~4,4,183
8,7,234~9,7,234
7,6,116~8,6,116
7,7,262~9,7,262
2,1,271~2,4,271
1,4,170~1,6,170
8,1,58~8,2,58
7,3,160~7,4,160
0,7,174~2,7,174
0,8,213~0,8,215
1,3,37~4,3,37
1,4,272~1,6,272
7,3,126~9,3,126
6,4,129~8,4,129
0,5,244~3,5,244
7,6,196~7,8,196
7,8,213~7,8,216
2,0,36~4,0,36
2,0,157~5,0,157
8,5,142~8,7,142
5,5,222~5,5,223
6,4,147~6,7,147
5,9,42~7,9,42
6,1,112~6,3,112
9,6,171~9,8,171
3,1,150~3,3,150
2,7,124~2,8,124
9,8,66~9,9,66
1,0,177~4,0,177
3,4,20~3,7,20
7,4,66~7,6,66
6,7,35~8,7,35
9,2,209~9,2,212
6,1,224~6,1,227
0,7,229~2,7,229
9,0,3~9,2,3
6,6,46~8,6,46
8,1,23~9,1,23
6,3,182~9,3,182
7,5,284~9,5,284
8,1,226~9,1,226
4,7,32~6,7,32
7,0,163~7,0,164
6,0,195~6,2,195
2,7,113~2,9,113
6,4,230~7,4,230
3,1,179~3,2,179
6,6,170~8,6,170
6,3,243~7,3,243
1,3,88~3,3,88
0,6,127~2,6,127
7,4,17~7,6,17
4,2,20~4,2,21
7,0,13~7,2,13
4,8,77~7,8,77
0,6,88~1,6,88
7,2,291~7,4,291
1,0,261~1,0,263
3,3,173~4,3,173
3,7,222~3,9,222
5,9,19~5,9,22
7,2,223~7,2,226
3,2,11~3,4,11
1,1,222~1,3,222
5,0,159~5,2,159
2,0,103~2,2,103
7,0,53~8,0,53
0,8,189~0,9,189
0,6,172~1,6,172
0,8,113~1,8,113
8,2,73~8,2,73
6,5,68~9,5,68
7,9,169~9,9,169
5,3,161~5,4,161
3,3,165~3,5,165
4,6,237~4,8,237
1,2,30~1,4,30
0,1,258~2,1,258
8,9,213~8,9,215
2,9,121~3,9,121
7,2,21~7,4,21
0,1,6~3,1,6
3,5,48~3,6,48
4,4,8~6,4,8
9,5,237~9,7,237
9,5,209~9,7,209
2,5,99~2,6,99
5,5,97~7,5,97
1,6,181~3,6,181
2,6,102~4,6,102
2,6,116~2,7,116
2,1,2~2,4,2
8,5,43~8,7,43
9,1,242~9,5,242
8,6,124~9,6,124
9,7,167~9,8,167
5,7,191~5,9,191
3,3,212~3,5,212
6,0,92~6,2,92
1,3,254~1,6,254
7,1,225~7,1,228
8,1,2~9,1,2
0,7,246~0,9,246
4,8,74~4,9,74
6,0,288~6,4,288
4,5,111~4,6,111
2,0,273~2,3,273
3,1,87~3,3,87
0,7,87~2,7,87
0,0,170~0,3,170
1,6,81~1,8,81
3,7,133~6,7,133
4,5,140~4,7,140
2,2,12~2,4,12
7,4,99~7,4,100
9,7,2~9,9,2
9,5,286~9,7,286
2,2,149~5,2,149
2,0,56~2,3,56
0,4,257~0,5,257
2,6,88~2,6,90
8,8,215~8,8,217
5,3,71~8,3,71
6,1,113~8,1,113
4,1,164~4,1,166
6,4,142~6,7,142
0,2,141~3,2,141
3,6,293~5,6,293
2,8,276~2,9,276
4,1,162~4,4,162
6,4,74~8,4,74
4,9,44~6,9,44
4,3,149~7,3,149
4,6,125~6,6,125
0,9,4~0,9,7
6,1,44~6,2,44
4,6,156~5,6,156
1,3,99~1,6,99
1,7,180~4,7,180
2,1,217~4,1,217
1,4,252~2,4,252
8,3,67~8,3,69
4,5,260~4,5,262
5,6,138~8,6,138
8,3,74~9,3,74
1,1,264~1,4,264
1,8,144~3,8,144
0,9,2~2,9,2
6,8,111~9,8,111
7,4,119~7,7,119
8,5,285~8,7,285
1,7,205~3,7,205
5,9,68~8,9,68
7,7,280~9,7,280
7,3,4~8,3,4
4,8,98~6,8,98
3,0,75~5,0,75
4,2,152~4,5,152
5,2,16~6,2,16
1,2,93~1,5,93
8,8,112~8,8,115
6,5,241~6,6,241
8,4,225~8,6,225
5,9,45~7,9,45
7,6,164~9,6,164
4,1,2~4,2,2
1,4,233~3,4,233
6,0,16~7,0,16
7,2,214~7,4,214
5,1,242~5,3,242
1,2,44~3,2,44
5,7,237~5,9,237
0,4,107~0,5,107
2,9,68~3,9,68
1,7,4~2,7,4
1,5,124~1,8,124
2,7,199~4,7,199
7,3,22~7,5,22
7,0,115~7,2,115
1,8,127~2,8,127
7,2,72~7,3,72
5,2,93~5,5,93
5,7,75~7,7,75
1,1,219~4,1,219
8,1,224~8,4,224
2,4,121~2,6,121
2,3,42~4,3,42
6,5,30~6,7,30
9,5,189~9,7,189
0,1,263~0,3,263
0,3,59~3,3,59
9,2,262~9,4,262
1,0,255~1,2,255
2,0,124~4,0,124
2,8,104~4,8,104
1,0,229~1,1,229
4,1,257~5,1,257
2,1,293~5,1,293
1,8,3~1,9,3
2,9,250~5,9,250
4,7,56~7,7,56
0,7,210~1,7,210
6,4,162~6,5,162
2,4,218~2,7,218
2,7,65~4,7,65
2,9,74~2,9,76
2,8,180~3,8,180
4,0,237~7,0,237
1,4,176~1,8,176
1,0,277~4,0,277
6,9,249~6,9,252
1,4,31~1,6,31
5,2,41~6,2,41
7,2,258~7,5,258
1,7,80~4,7,80
8,0,120~8,3,120
3,0,153~4,0,153
8,4,247~8,6,247
8,3,173~8,4,173
9,4,33~9,5,33
6,5,149~7,5,149
7,6,2~7,8,2
1,2,80~1,5,80
3,6,126~4,6,126
5,3,150~7,3,150
4,2,155~6,2,155
7,2,249~7,4,249
4,2,192~7,2,192
6,1,241~6,1,244
0,8,211~2,8,211
2,0,246~2,3,246
2,6,81~4,6,81
3,3,69~3,5,69
0,4,96~0,4,98
5,4,131~7,4,131
9,6,202~9,8,202
2,2,235~2,5,235
9,6,166~9,6,169
6,1,62~6,1,65
5,7,159~5,8,159
6,3,235~6,6,235
0,6,183~0,8,183
5,8,253~5,9,253
0,6,275~0,8,275
4,2,243~4,2,243
1,0,187~5,0,187
1,2,39~1,5,39
0,4,95~3,4,95
9,2,119~9,3,119
1,7,126~1,9,126
3,9,157~5,9,157
3,4,244~3,4,247
4,5,3~5,5,3
1,7,111~1,9,111
7,3,257~7,6,257
2,4,189~3,4,189
0,6,192~3,6,192
4,1,289~4,2,289
2,0,15~2,3,15
4,5,102~4,5,104
6,1,276~6,3,276
3,7,219~6,7,219
9,2,18~9,3,18
2,7,134~5,7,134
8,7,228~8,7,229
4,3,41~4,6,41
5,5,107~7,5,107
1,1,72~1,4,72
4,7,192~6,7,192
0,6,55~2,6,55
3,6,85~4,6,85
1,5,155~4,5,155
4,0,26~6,0,26
5,7,221~5,9,221
7,5,209~7,5,210
5,2,222~7,2,222
2,1,232~2,4,232
8,4,3~8,4,5
0,3,128~4,3,128
8,1,240~9,1,240
8,7,192~9,7,192
4,2,91~7,2,91
5,0,28~7,0,28
7,9,211~9,9,211
3,7,138~5,7,138
0,1,129~0,3,129
8,6,286~8,7,286
2,8,50~2,8,53
8,9,108~9,9,108
8,9,109~9,9,109
9,0,203~9,3,203
0,9,94~1,9,94
9,9,3~9,9,6
4,1,203~4,3,203
2,0,199~2,1,199
0,7,216~0,8,216
0,3,254~0,5,254
9,7,130~9,7,132
0,4,29~4,4,29
7,1,119~9,1,119
2,0,154~2,2,154
3,7,53~3,8,53
5,7,72~6,7,72
1,3,62~1,3,64
9,6,36~9,6,36
6,3,160~6,5,160
0,0,84~0,2,84
0,6,257~1,6,257
7,0,218~7,3,218
5,7,244~5,9,244
8,3,246~8,5,246
5,3,282~5,6,282
4,5,66~4,8,66
8,6,57~8,9,57
3,2,199~5,2,199
6,7,194~6,9,194
3,1,14~5,1,14
5,4,55~6,4,55
0,6,20~0,8,20
3,2,125~4,2,125
5,8,151~7,8,151
2,3,7~2,3,8
7,9,103~9,9,103
4,5,79~7,5,79
7,2,46~7,4,46
6,5,136~6,5,137
0,1,17~3,1,17
7,3,104~7,5,104
6,3,226~6,4,226
9,0,56~9,0,57
0,1,252~3,1,252
5,4,281~7,4,281
7,3,246~7,6,246
1,6,11~1,6,12
1,8,121~4,8,121
1,6,41~3,6,41
5,7,51~5,7,53
3,3,74~3,6,74
5,2,267~5,5,267
7,4,108~7,8,108
7,5,72~8,5,72
5,2,73~7,2,73
4,4,26~6,4,26
4,5,88~4,7,88
7,2,293~7,2,295
2,6,276~4,6,276
2,8,279~2,8,282
4,3,190~6,3,190
1,6,15~2,6,15
0,1,220~2,1,220
6,1,29~9,1,29
2,3,76~3,3,76
9,1,25~9,2,25
4,6,200~6,6,200
1,1,11~1,4,11
4,0,258~4,2,258
6,4,30~6,4,32
8,0,128~8,3,128
9,1,198~9,3,198
7,1,282~7,3,282
1,2,113~3,2,113
4,5,208~7,5,208
6,1,222~8,1,222
5,6,165~5,8,165
1,6,288~3,6,288
4,8,202~7,8,202
0,0,1~4,0,1
8,9,16~8,9,16
7,1,285~8,1,285
3,1,75~5,1,75
8,3,2~8,5,2
0,7,182~3,7,182
8,8,100~8,9,100
0,5,158~2,5,158
7,5,187~9,5,187
0,7,2~3,7,2
6,4,98~8,4,98
6,8,209~8,8,209
2,2,237~2,4,237
8,2,94~9,2,94
0,2,209~0,4,209
4,5,110~5,5,110
4,4,186~6,4,186
2,9,122~2,9,124
8,3,247~8,3,248
1,2,70~4,2,70
2,3,147~3,3,147
3,3,132~3,6,132
7,5,3~9,5,3
5,8,188~7,8,188
4,3,299~4,3,301
5,2,107~5,3,107
7,2,195~9,2,195
7,2,207~7,5,207
0,0,194~0,1,194
2,3,115~2,3,118
5,1,84~5,1,87
6,3,183~6,6,183
3,6,296~3,6,296
2,9,94~3,9,94
7,0,253~8,0,253
0,1,225~3,1,225
8,9,14~8,9,14
3,0,176~3,3,176
1,0,98~1,4,98
3,4,64~3,4,67
4,8,99~6,8,99
2,5,188~4,5,188
0,5,168~3,5,168
3,4,23~3,7,23
7,1,247~9,1,247
2,1,90~2,3,90
0,0,3~0,0,5
2,8,207~3,8,207
4,6,189~7,6,189
8,5,231~8,8,231
5,1,245~5,3,245
9,6,129~9,6,132
7,9,31~7,9,33
5,8,10~8,8,10
8,0,142~8,2,142
5,4,154~5,6,154
8,6,71~8,9,71
0,3,30~0,4,30
1,9,250~1,9,251
3,2,16~4,2,16
5,1,44~5,3,44
3,1,46~3,4,46
2,0,76~3,0,76
2,8,183~3,8,183
5,3,50~5,5,50
2,3,79~2,5,79
5,0,116~7,0,116
7,6,180~7,7,180
7,4,231~9,4,231
2,4,51~4,4,51
0,7,88~2,7,88
3,1,50~5,1,50
3,5,223~3,7,223
8,3,62~8,5,62
4,6,275~4,9,275
6,2,26~8,2,26
4,9,52~5,9,52
5,6,136~5,8,136
1,8,245~1,9,245
3,1,283~3,4,283
8,3,127~9,3,127
8,4,73~9,4,73
1,5,258~3,5,258
6,6,232~6,8,232
0,1,21~0,3,21
2,4,215~5,4,215
3,2,209~3,2,211
2,0,229~2,1,229
2,2,9~2,4,9
1,6,16~2,6,16
1,3,78~4,3,78
8,4,227~8,7,227
6,3,246~6,3,248
8,3,242~8,3,243
0,6,189~3,6,189
2,1,5~3,1,5
2,2,168~3,2,168
2,4,221~5,4,221
2,3,109~2,7,109
9,5,31~9,6,31
0,0,147~2,0,147
9,2,124~9,4,124
1,1,101~2,1,101
5,7,178~5,8,178
7,9,9~7,9,9
0,4,287~0,7,287
0,5,202~0,5,204
2,8,69~3,8,69
3,4,114~7,4,114
6,1,161~6,3,161
1,7,94~4,7,94
8,2,285~8,3,285
4,8,51~4,9,51
2,7,223~2,8,223
6,6,145~6,7,145
6,3,227~7,3,227
0,9,254~3,9,254
7,0,146~7,2,146
5,9,1~5,9,1
8,0,54~9,0,54
3,2,15~5,2,15
1,7,207~3,7,207
5,5,130~6,5,130
2,6,157~5,6,157
3,3,14~3,3,17
7,4,171~8,4,171
6,7,200~6,9,200
2,3,60~2,5,60
3,0,139~6,0,139
1,7,8~4,7,8
0,3,242~0,5,242
4,8,153~4,9,153
5,7,156~5,9,156
7,8,208~7,9,208
5,9,248~8,9,248
6,5,51~8,5,51
7,1,93~7,2,93
0,1,47~3,1,47
4,5,113~5,5,113
6,7,39~9,7,39
9,3,129~9,4,129
5,8,234~6,8,234
2,8,39~4,8,39
3,3,199~3,5,199
2,9,246~5,9,246
1,4,10~1,6,10
7,5,169~9,5,169
5,3,298~5,4,298
2,7,219~2,7,221
5,5,220~5,5,220
4,1,52~6,1,52
9,8,130~9,8,130
9,5,191~9,5,193
0,8,178~2,8,178
6,1,212~8,1,212
4,5,9~4,7,9
1,1,87~1,4,87
5,3,143~6,3,143
3,1,45~3,4,45
8,6,264~8,8,264
4,6,143~4,6,146
7,8,192~8,8,192
6,5,19~6,7,19
8,7,46~8,9,46
2,3,176~2,5,176
2,3,3~2,3,6
9,7,289~9,9,289
1,7,69~4,7,69
3,0,212~5,0,212
4,7,75~4,8,75
1,6,173~1,9,173
5,2,227~6,2,227
3,6,141~3,8,141
1,7,185~1,9,185
6,3,135~6,5,135
8,3,252~8,4,252
8,0,250~8,3,250
1,4,112~3,4,112
3,7,26~3,8,26
2,2,292~5,2,292
6,5,177~6,7,177
0,1,108~2,1,108
9,5,116~9,8,116
7,6,199~9,6,199
8,1,280~8,3,280
4,5,43~4,6,43
8,5,90~9,5,90
2,1,253~2,1,254
7,1,284~8,1,284
9,3,122~9,4,122
4,0,225~4,3,225
7,6,40~7,8,40
4,5,58~4,7,58
1,4,14~3,4,14
4,2,241~4,4,241
6,2,6~8,2,6
0,6,90~0,6,91
2,6,245~5,6,245
1,3,215~3,3,215
5,5,16~5,8,16
4,4,97~4,4,99
1,7,202~3,7,202
7,3,103~7,6,103
1,3,161~4,3,161
3,2,21~3,2,24
7,2,96~7,4,96
8,7,65~8,7,65
9,6,259~9,7,259
5,6,102~5,9,102
7,5,28~8,5,28
9,1,260~9,3,260
6,6,130~6,7,130
5,4,149~5,4,151
7,3,60~8,3,60
6,2,279~8,2,279
4,5,240~4,6,240
7,6,43~7,8,43
6,4,240~6,6,240
1,6,224~1,6,224
0,8,114~0,8,116
8,2,66~8,6,66
5,7,196~6,7,196
0,3,105~0,4,105
7,6,233~9,6,233
5,5,95~7,5,95
3,0,21~5,0,21
3,2,6~5,2,6
7,2,113~9,2,113
2,4,49~4,4,49
4,8,2~6,8,2
1,6,188~1,8,188
3,2,25~4,2,25
9,0,250~9,1,250
2,5,247~4,5,247
1,9,227~4,9,227
7,3,54~7,5,54
7,8,82~7,9,82
2,0,228~4,0,228
7,0,162~7,3,162
7,9,164~8,9,164
1,4,113~1,7,113
4,6,272~5,6,272
8,1,13~9,1,13
2,6,49~2,8,49
4,4,264~6,4,264
4,0,244~7,0,244
2,2,209~2,4,209
0,0,151~2,0,151
3,7,176~5,7,176
8,3,31~8,6,31
9,5,123~9,7,123
6,5,165~8,5,165
5,3,146~5,6,146
0,6,86~0,9,86
3,4,120~3,6,120
6,5,277~9,5,277
8,4,54~8,6,54
2,1,81~2,4,81
1,1,169~1,3,169
5,3,193~7,3,193
3,2,118~3,4,118
7,5,254~9,5,254
2,0,34~2,3,34
7,1,124~7,2,124
0,2,253~0,5,253
1,5,125~1,7,125
4,9,210~7,9,210
6,5,236~6,7,236
0,8,291~1,8,291
6,3,81~7,3,81
2,5,91~4,5,91
5,0,189~5,2,189
2,2,135~4,2,135
8,4,208~9,4,208
4,7,162~7,7,162
3,8,131~6,8,131
2,4,32~2,4,34
3,1,254~5,1,254
3,3,139~3,5,139
0,4,8~0,6,8
0,5,79~0,8,79
1,5,101~4,5,101
8,0,18~8,2,18
9,2,206~9,4,206
1,5,226~1,7,226
4,4,115~5,4,115
2,1,49~2,1,53
8,8,233~8,9,233
0,7,22~2,7,22
1,2,262~1,4,262
3,5,122~5,5,122
5,7,129~5,9,129
4,3,31~4,5,31
1,0,231~1,2,231
5,3,274~7,3,274
1,2,145~3,2,145
3,7,61~6,7,61
4,5,197~4,6,197
1,1,42~1,4,42
6,4,1~6,7,1
1,4,268~3,4,268
4,3,200~6,3,200
4,4,144~4,5,144
7,2,215~7,4,215
3,9,223~3,9,225
6,1,115~6,3,115
1,1,104~1,2,104
8,6,76~8,8,76
4,3,169~7,3,169
9,4,265~9,4,267
8,0,38~8,2,38
7,4,240~7,7,240
0,1,23~0,3,23
2,2,138~5,2,138
1,5,57~1,6,57
8,2,70~8,5,70
8,0,88~8,2,88
1,3,133~2,3,133
9,5,127~9,8,127
0,2,292~0,4,292
4,8,72~6,8,72
2,3,38~5,3,38
0,1,175~2,1,175
0,6,83~0,8,83
1,5,193~1,5,195
9,4,233~9,4,236
0,6,5~0,8,5
1,4,119~4,4,119
2,0,144~2,3,144
5,8,256~7,8,256
4,0,260~4,2,260
6,0,45~6,2,45
7,9,165~7,9,167
7,1,121~7,2,121
1,8,8~3,8,8
4,5,63~4,7,63
1,2,14~1,3,14
5,5,34~5,8,34
7,1,194~8,1,194
5,7,83~6,7,83
5,5,133~8,5,133
3,5,217~5,5,217
3,3,135~3,3,136
6,4,128~6,6,128
0,8,118~0,8,120
3,4,80~3,5,80
7,8,141~7,8,141
0,6,17~0,8,17
2,4,179~2,6,179
3,8,95~4,8,95
8,4,175~8,6,175
7,1,42~7,3,42
6,0,242~7,0,242
3,5,171~3,8,171
4,8,155~6,8,155
6,0,85~8,0,85
4,2,65~4,5,65
6,6,173~7,6,173
2,1,85~2,3,85
0,5,110~0,5,112
0,5,25~0,7,25
6,4,69~6,5,69
7,6,139~7,9,139
4,5,198~5,5,198
0,2,260~0,4,260
2,5,171~2,5,173
2,7,281~2,7,284
2,7,278~5,7,278
7,1,16~7,1,18
3,1,19~5,1,19
6,0,78~8,0,78
6,0,203~6,3,203
8,2,57~8,5,57
7,4,69~7,7,69
9,4,107~9,7,107
0,0,6~0,0,7
6,4,218~8,4,218
0,1,19~0,3,19
3,5,70~3,5,72
6,1,238~8,1,238
5,3,201~6,3,201
4,5,268~6,5,268
6,0,143~9,0,143
7,3,49~7,6,49
8,4,32~9,4,32
9,5,206~9,9,206
7,6,208~7,7,208
0,9,8~2,9,8
5,7,117~5,7,119
4,2,174~7,2,174
0,4,199~0,7,199
1,0,210~4,0,210
8,9,60~9,9,60
1,1,60~3,1,60
7,4,150~7,7,150
6,4,122~6,6,122
0,7,278~0,9,278
3,2,86~5,2,86
0,5,294~0,8,294
4,9,94~4,9,96
0,7,110~2,7,110
4,7,195~6,7,195
6,2,151~6,3,151
0,5,184~3,5,184
5,5,244~6,5,244
4,1,192~7,1,192
9,4,179~9,6,179
8,9,63~9,9,63
3,3,129~6,3,129
2,3,204~2,5,204
7,3,143~7,4,143
1,7,50~1,7,53
5,5,105~9,5,105
4,3,82~4,3,85
6,1,140~8,1,140
6,6,174~6,6,174
1,4,151~1,4,151
5,3,156~5,4,156
0,7,218~0,7,220
1,5,48~1,7,48
0,2,212~0,3,212
4,1,106~4,1,108
2,5,11~2,7,11
1,0,4~4,0,4
1,7,269~4,7,269
7,5,186~7,8,186
6,3,16~9,3,16
1,4,61~3,4,61
7,9,3~7,9,5
5,2,14~5,3,14
5,8,52~7,8,52
3,7,244~3,7,247
4,5,15~4,5,17
3,2,89~3,3,89
8,1,9~8,3,9
2,7,12~2,8,12
3,3,93~4,3,93
0,0,171~2,0,171
8,3,239~8,3,241
2,0,150~4,0,150
7,1,11~8,1,11
3,5,267~4,5,267
3,1,3~3,2,3
5,4,24~7,4,24
0,6,14~2,6,14
9,0,6~9,2,6
9,3,175~9,5,175
6,3,185~6,3,188
9,6,238~9,8,238
3,5,24~3,8,24
7,6,113~7,8,113
4,5,255~4,5,257
6,1,4~8,1,4
9,4,256~9,7,256
9,3,69~9,5,69
4,6,31~7,6,31
1,7,70~4,7,70
0,6,81~0,7,81
7,6,242~7,7,242
2,3,259~2,3,261
1,7,208~4,7,208
0,0,153~1,0,153
1,6,290~3,6,290
7,3,205~8,3,205
3,0,123~3,2,123
0,7,143~3,7,143
8,7,42~9,7,42
0,1,226~0,1,229
4,6,155~7,6,155
9,0,32~9,2,32
0,3,251~3,3,251
2,5,34~4,5,34
5,2,98~7,2,98
9,8,72~9,9,72
2,6,269~4,6,269
4,2,8~4,2,8
1,6,73~1,8,73
1,0,184~1,3,184
4,6,105~6,6,105
4,0,105~4,3,105
7,5,278~7,6,278
2,2,201~2,4,201
6,2,259~8,2,259
3,7,66~3,9,66
2,0,6~4,0,6
2,0,256~2,3,256
6,9,98~8,9,98
2,1,23~2,2,23
7,7,122~7,8,122
5,3,84~5,5,84
6,0,17~8,0,17
9,4,93~9,6,93
4,2,224~5,2,224
8,2,281~9,2,281
1,7,282~1,7,284
8,8,14~8,8,16
4,4,77~4,5,77
7,1,235~9,1,235
5,7,115~9,7,115
5,7,104~5,8,104
1,5,97~3,5,97
4,2,126~6,2,126
1,0,16~1,4,16
1,3,33~4,3,33
7,1,147~9,1,147
0,3,131~2,3,131
7,2,213~7,4,213
5,3,11~5,6,11
4,9,150~6,9,150
6,5,271~6,7,271
0,0,148~1,0,148
6,2,15~8,2,15
7,5,30~7,9,30
6,6,67~6,8,67
7,3,288~7,6,288
6,6,64~8,6,64
3,3,241~3,3,243
3,7,241~6,7,241
2,0,262~2,0,262
0,9,88~3,9,88
7,4,145~8,4,145
0,2,187~0,5,187
3,6,278~5,6,278
1,9,249~4,9,249
5,6,149~5,9,149
7,1,243~8,1,243
5,3,81~5,5,81
0,9,12~1,9,12
0,3,210~0,4,210
0,2,190~0,2,192
5,0,277~5,1,277
0,4,5~3,4,5
7,6,123~7,8,123
7,1,59~8,1,59
1,5,269~3,5,269
8,9,70~9,9,70
9,2,35~9,2,37
4,0,207~6,0,207
4,0,179~6,0,179
6,0,40~8,0,40
9,3,258~9,5,258
6,0,93~6,2,93
0,1,132~0,4,132
7,5,25~7,6,25
4,1,88~4,2,88
3,8,18~5,8,18
6,3,73~6,6,73
7,2,101~9,2,101
1,0,106~2,0,106
7,4,168~7,6,168
3,4,278~7,4,278
1,9,91~4,9,91
7,2,24~7,3,24
0,4,90~2,4,90
7,4,234~7,6,234
5,3,224~7,3,224
2,3,91~3,3,91
4,2,120~4,4,120
7,4,232~9,4,232
0,3,208~2,3,208
9,4,183~9,6,183
3,0,5~7,0,5
3,5,93~3,8,93
1,2,181~1,5,181
6,3,18~8,3,18
6,6,34~7,6,34
4,1,70~5,1,70
7,1,231~7,1,233
4,4,45~4,6,45
1,2,164~1,4,164
2,4,264~2,4,267
4,0,274~4,2,274
0,3,85~0,3,87
1,3,38~1,6,38
4,3,278~5,3,278
6,7,151~8,7,151
4,6,82~6,6,82
6,1,166~6,4,166
7,4,252~7,7,252
0,6,201~0,7,201
1,3,149~1,5,149
7,9,154~9,9,154
3,1,198~3,3,198
6,5,140~6,6,140
3,2,130~3,5,130
8,7,72~8,7,74
5,0,162~5,3,162
3,5,272~5,5,272
9,3,121~9,6,121
4,3,5~4,6,5
7,0,51~7,3,51
0,2,82~0,5,82
6,8,214~6,8,214
0,0,259~2,0,259
2,9,13~2,9,15
6,2,249~6,4,249
0,1,173~0,1,173
8,6,171~8,8,171
5,2,270~7,2,270
5,9,209~7,9,209
3,2,172~4,2,172
0,4,196~0,6,196
7,6,211~7,7,211
0,3,173~0,5,173
5,8,128~5,9,128
4,5,250~4,5,252
8,0,20~8,2,20
4,0,68~4,2,68
1,5,152~3,5,152
4,3,79~6,3,79
5,6,27~8,6,27
5,7,78~5,7,80
1,1,22~3,1,22
3,5,78~3,7,78
2,0,107~2,4,107
7,5,29~9,5,29
7,3,275~7,5,275
7,5,176~7,8,176
6,3,141~7,3,141
4,3,277~5,3,277
3,4,42~3,5,42
9,5,210~9,8,210
1,4,263~1,6,263
4,0,73~4,2,73
4,5,196~4,7,196
0,8,274~2,8,274
4,3,12~4,5,12
5,4,5~7,4,5
0,5,75~4,5,75
1,9,71~3,9,71
9,4,6~9,7,6
1,6,220~2,6,220
8,3,226~8,6,226
9,2,130~9,4,130
0,2,155~3,2,155
1,2,84~3,2,84
6,4,232~6,4,233
5,6,243~5,8,243
4,5,295~4,6,295
0,1,193~0,4,193
0,5,2~0,5,4
2,0,196~2,2,196
3,4,17~3,4,18
8,5,279~8,7,279
3,4,214~3,7,214
7,7,181~7,7,185
7,1,274~7,2,274
3,2,19~4,2,19
4,6,221~4,8,221
4,0,24~4,0,25
0,1,25~3,1,25
2,2,121~4,2,121
1,7,277~1,9,277
4,4,32~4,5,32
8,4,174~8,7,174
3,1,244~5,1,244
5,3,202~5,3,204
0,8,209~1,8,209
6,1,197~6,3,197
1,6,1~2,6,1
4,5,263~4,7,263
5,4,35~8,4,35
1,8,208~2,8,208
4,5,266~4,7,266
2,1,200~2,3,200
7,6,265~7,7,265
6,5,16~6,6,16
0,1,61~0,4,61
7,4,179~7,6,179
1,3,244~3,3,244
5,6,158~5,9,158
0,5,45~3,5,45
1,3,193~4,3,193
1,2,147~1,5,147
9,5,181~9,5,182
3,1,289~3,1,291
4,9,7~7,9,7
7,3,44~7,5,44
0,2,167~3,2,167
6,2,3~6,6,3
5,4,121~7,4,121
4,3,269~6,3,269
1,6,187~1,9,187
0,0,90~0,3,90
5,9,161~8,9,161
6,0,181~6,2,181
1,1,228~1,3,228
0,1,250~0,4,250
0,9,199~3,9,199
6,3,238~8,3,238
3,1,177~4,1,177
4,9,25~6,9,25
4,3,258~4,5,258
5,5,42~5,6,42
1,5,13~1,7,13
4,2,227~4,4,227
2,4,96~5,4,96
6,4,229~6,7,229
4,3,140~6,3,140
2,0,77~4,0,77
6,6,158~6,7,158
2,1,125~2,4,125
6,1,54~6,4,54
0,3,282~3,3,282
0,0,66~0,1,66
0,9,17~2,9,17
2,3,194~2,5,194
5,8,125~8,8,125
3,7,41~3,9,41
3,3,170~6,3,170
6,1,11~6,3,11
3,0,190~3,3,190
3,8,7~6,8,7
5,3,10~7,3,10
5,9,69~6,9,69
5,9,256~6,9,256
3,7,238~5,7,238
6,2,36~8,2,36
2,5,94~2,5,96
4,2,39~7,2,39
1,0,264~1,0,266
0,8,244~4,8,244
3,7,230~3,9,230
1,0,20~1,1,20
0,5,76~3,5,76
8,6,127~8,8,127
6,6,47~8,6,47
5,2,110~7,2,110
5,9,195~6,9,195
4,8,236~6,8,236
4,2,297~4,5,297
4,0,11~4,2,11
0,4,101~0,4,102
3,1,262~3,4,262
0,7,186~0,9,186
3,2,162~3,5,162
4,2,104~7,2,104
6,4,164~9,4,164
3,8,232~3,9,232
9,0,204~9,1,204
0,6,122~2,6,122
3,1,4~5,1,4
1,4,142~4,4,142
8,0,24~9,0,24
8,5,63~8,8,63
4,8,240~4,8,242
6,4,28~7,4,28
6,6,233~6,7,233
9,9,104~9,9,105
5,4,48~5,8,48
2,8,204~4,8,204
6,0,137~6,3,137
0,3,134~0,4,134
7,0,221~7,3,221
4,0,66~4,3,66
2,5,293~2,7,293
5,8,78~6,8,78
4,0,206~4,2,206
9,3,211~9,4,211
5,0,275~5,2,275
6,5,139~9,5,139
4,8,215~6,8,215
2,2,195~4,2,195
9,0,150~9,2,150
3,1,215~6,1,215
3,2,133~3,3,133
8,6,33~9,6,33
7,3,202~7,6,202
8,1,131~8,4,131
1,9,74~1,9,76
0,4,240~2,4,240
7,4,115~7,5,115
4,8,36~6,8,36
7,5,281~7,6,281
7,2,30~7,2,33
9,2,213~9,2,215
7,9,6~8,9,6
7,1,245~7,3,245
0,7,19~2,7,19
2,1,59~3,1,59
9,5,72~9,7,72
4,0,18~5,0,18
5,9,98~5,9,99
2,5,153~4,5,153
3,2,41~3,4,41
6,6,278~6,8,278
7,8,193~9,8,193
6,0,81~6,0,84
0,3,285~0,4,285
8,8,13~8,9,13
6,5,238~7,5,238
1,5,177~1,7,177
9,4,110~9,6,110
7,5,248~7,7,248
5,4,295~5,6,295
7,0,21~9,0,21
1,0,111~1,3,111
3,1,28~3,1,29
2,6,87~3,6,87
0,1,284~0,3,284
6,8,212~8,8,212
8,8,66~8,9,66
7,3,283~8,3,283
6,6,70~6,8,70
1,2,146~3,2,146
5,6,39~5,9,39
7,9,218~9,9,218
3,8,50~6,8,50
7,3,174~9,3,174
1,2,172~1,2,174
6,1,14~6,1,16
0,4,289~1,4,289
7,2,272~7,4,272
2,3,114~2,6,114
2,0,163~6,0,163
3,2,273~5,2,273
7,3,7~7,3,9
3,1,286~6,1,286
0,8,6~2,8,6
3,2,208~3,4,208
9,6,165~9,8,165
6,7,85~6,7,86
1,7,7~4,7,7
1,5,256~2,5,256
2,7,175~3,7,175
8,7,214~8,8,214
0,1,133~0,2,133
3,3,240~6,3,240
7,3,200~9,3,200
0,6,198~2,6,198
7,8,205~7,9,205
7,0,234~7,1,234
7,1,210~7,3,210
9,4,177~9,7,177
3,9,197~6,9,197
5,5,87~8,5,87
2,8,172~4,8,172
5,0,77~8,0,77
0,9,10~2,9,10
8,5,144~8,5,147
6,6,4~6,9,4
5,5,189~7,5,189
5,2,29~7,2,29
5,9,151~9,9,151
5,2,8~6,2,8
1,2,47~1,4,47
3,3,187~3,5,187
1,6,286~1,9,286
5,0,239~6,0,239
7,7,189~7,8,189
0,1,64~0,3,64
6,8,126~8,8,126
1,8,289~3,8,289
7,6,79~7,9,79
1,2,250~1,6,250
7,9,62~9,9,62
8,3,255~8,6,255
0,3,190~0,5,190
9,7,41~9,8,41
7,2,14~7,4,14
0,3,247~2,3,247
5,4,187~5,4,189
2,0,122~2,2,122
2,5,100~2,7,100
3,2,171~4,2,171
5,1,77~7,1,77
2,5,136~5,5,136
2,3,44~2,5,44
8,2,91~8,4,91
1,0,23~3,0,23
2,0,16~4,0,16
1,4,62~1,4,63
3,6,69~5,6,69
7,0,166~9,0,166
8,1,26~8,1,28
5,8,17~5,9,17
1,4,8~3,4,8
5,4,45~5,6,45
1,4,191~1,6,191
2,8,246~4,8,246
1,3,122~1,4,122
2,3,206~4,3,206
1,4,179~1,6,179
7,7,205~9,7,205
0,9,120~2,9,120
3,4,243~5,4,243
3,3,209~5,3,209
7,1,177~7,4,177
2,7,119~2,9,119
1,7,271~1,8,271
4,5,178~4,9,178
4,1,179~4,4,179
3,0,24~3,0,24
1,4,82~3,4,82
6,6,161~8,6,161
