40,39
45,57
13,25
49,69
57,51
68,39
3,3
8,11
37,43
11,24
27,7
42,55
54,49
54,57
7,17
1,19
0,21
21,18
46,47
53,31
58,53
39,37
66,51
0,1
45,67
42,45
63,20
33,15
7,24
51,67
8,23
65,52
31,3
21,13
3,12
14,25
47,65
24,23
39,40
44,37
41,53
58,45
7,27
40,67
47,69
25,11
63,41
19,20
41,66
11,4
59,37
4,29
50,53
29,15
8,35
57,53
3,24
1,8
49,53
54,43
7,2
63,43
58,33
9,12
2,25
46,43
43,35
45,55
50,45
69,31
63,52
37,41
59,65
23,14
63,64
49,48
59,61
29,3
67,66
58,63
47,42
20,23
19,14
42,41
64,45
53,43
22,19
16,9
15,1
59,58
21,6
11,9
4,25
45,53
12,25
14,19
48,45
2,29
47,51
29,4
28,51
26,11
69,62
67,28
69,63
64,43
34,41
41,65
64,27
45,58
7,7
2,23
53,26
39,65
47,37
53,41
3,5
9,28
19,9
43,61
3,13
53,30
21,27
18,11
2,19
49,49
5,3
27,3
47,36
69,29
12,3
63,40
51,29
61,29
5,7
7,21
61,41
5,19
62,39
51,37
26,7
46,65
43,54
5,9
55,62
49,55
45,39
48,49
11,7
55,65
21,9
63,47
45,43
19,31
19,25
53,40
50,31
1,14
57,60
43,63
37,34
4,19
57,50
53,52
63,54
32,3
57,62
45,69
12,11
65,26
54,47
55,31
60,31
23,21
55,45
65,28
51,27
14,23
36,1
61,53
53,64
19,27
43,39
36,39
31,42
13,9
40,57
55,39
49,57
50,61
21,26
3,9
51,40
60,63
15,21
40,35
47,25
54,45
53,55
67,63
48,61
67,46
52,27
55,32
19,11
53,61
25,23
49,65
47,50
17,6
33,4
60,43
67,53
52,37
67,41
65,40
18,21
66,43
49,38
42,63
2,15
68,31
17,15
21,17
15,6
23,10
8,3
69,27
37,39
35,44
23,16
1,4
47,56
9,13
67,38
57,69
5,15
62,21
22,1
11,23
47,67
9,29
60,29
54,33
43,64
69,64
11,12
15,28
52,47
2,17
58,31
37,56
27,5
5,5
26,1
64,23
45,63
41,43
63,55
51,41
68,27
59,51
45,60
20,11
56,65
51,60
49,45
48,55
21,11
63,66
5,23
9,23
61,38
67,35
38,41
67,23
50,51
39,55
67,55
15,17
23,31
68,63
28,17
15,5
37,66
10,1
8,19
61,33
17,26
47,29
17,3
47,63
8,31
27,23
44,49
58,57
1,9
49,33
44,65
63,50
59,66
66,31
43,57
1,23
7,19
65,19
53,58
67,59
47,40
27,17
55,57
13,6
61,67
13,13
37,37
59,45
46,67
63,51
61,23
63,21
17,27
23,7
47,45
22,3
25,29
21,31
4,7
51,58
51,53
62,25
48,43
21,25
39,67
13,19
33,69
23,11
35,57
10,5
56,47
47,41
55,55
49,31
47,39
17,18
65,54
10,15
53,36
26,9
25,26
64,49
7,18
57,55
60,37
14,27
69,69
38,63
55,59
63,37
25,18
65,68
70,51
13,27
4,27
7,31
47,49
47,55
58,43
11,25
67,44
68,55
55,64
57,25
10,9
27,19
65,43
31,19
23,15
61,28
51,65
9,27
7,15
35,62
4,5
43,42
13,35
59,53
67,69
67,67
50,69
68,41
65,31
69,41
11,19
16,1
39,38
10,21
65,58
69,19
23,19
59,43
52,33
66,33
48,31
16,11
8,27
17,19
51,51
11,20
19,7
63,56
45,56
12,17
13,3
7,20
10,23
51,55
7,11
60,25
19,23
49,42
45,47
9,30
60,45
20,13
47,53
3,21
53,38
23,25
8,7
41,39
47,35
56,43
13,29
7,0
1,12
7,8
13,21
52,51
49,51
35,59
39,61
48,65
22,5
39,39
42,35
5,26
7,37
68,53
19,2
21,12
23,1
55,69
33,61
57,65
22,15
56,45
25,21
9,14
6,35
57,58
68,67
61,27
70,59
17,7
50,57
53,56
70,29
15,15
58,65
14,13
15,4
13,22
55,60
49,39
59,63
1,11
66,37
24,29
7,13
13,31
53,37
67,65
39,33
3,27
59,33
35,63
53,59
58,29
46,35
56,33
61,22
65,41
41,64
61,59
65,30
13,11
37,35
41,70
5,12
1,25
38,35
17,4
1,1
61,35
39,35
63,69
67,21
42,57
61,70
49,41
9,15
21,22
61,63
44,41
43,38
53,33
3,15
61,57
16,27
15,3
29,7
45,33
16,21
51,59
14,9
58,55
3,23
63,27
62,27
9,25
24,3
49,37
25,10
57,63
61,56
28,11
29,5
69,47
57,45
63,36
12,15
59,31
38,53
45,35
35,37
61,25
21,3
13,17
49,64
11,21
53,57
44,55
20,21
11,15
57,57
42,69
15,29
17,1
55,43
55,29
49,35
51,50
67,57
59,60
15,13
3,10
15,23
65,49
69,58
63,42
5,18
44,61
14,21
29,10
65,47
69,45
18,31
19,8
19,19
3,19
45,41
25,19
47,30
61,32
17,11
67,49
11,28
9,5
38,45
34,39
14,17
68,49
51,66
19,3
23,2
12,19
51,45
13,15
55,70
19,10
29,20
65,53
7,6
65,39
59,40
63,53
67,47
57,47
61,55
53,45
18,3
16,23
3,29
15,31
61,51
63,35
9,26
24,19
15,27
51,56
65,38
59,34
68,45
3,16
41,69
51,34
65,57
19,5
22,21
55,51
47,31
61,58
45,65
46,33
69,67
17,25
51,43
41,37
59,41
11,26
47,47
20,17
43,41
16,19
49,68
26,5
16,13
51,47
51,54
36,37
7,9
55,47
59,69
33,39
67,39
64,65
63,29
61,19
46,53
65,55
52,31
66,21
66,25
67,51
43,43
54,29
52,67
63,48
49,59
9,21
5,1
45,30
65,27
60,55
55,61
61,66
53,51
31,5
23,17
53,47
41,41
49,62
11,31
21,28
65,22
7,5
7,1
4,3
48,57
47,57
53,63
15,11
51,44
63,62
47,38
21,19
57,59
43,53
9,16
61,69
43,37
51,69
17,21
11,5
66,53
64,33
5,2
7,29
57,61
17,17
3,11
39,63
11,29
45,52
69,53
69,65
59,48
63,68
22,27
46,45
59,35
11,13
11,17
18,17
6,27
37,38
59,55
45,32
21,21
46,63
13,23
5,29
5,17
37,42
54,67
2,3
19,1
45,70
7,25
45,68
9,9
49,32
7,3
69,55
68,13
43,69
63,25
61,47
23,29
46,51
11,14
65,63
25,1
24,25
25,4
61,40
38,57
64,37
5,13
43,40
65,56
2,5
10,7
21,32
9,33
18,27
49,40
12,9
69,68
51,39
63,46
17,13
65,45
19,17
14,31
67,43
63,61
63,59
27,1
49,66
17,23
10,31
63,24
5,16
7,32
46,59
1,15
55,63
41,35
17,5
57,31
9,19
66,41
52,65
11,32
21,23
5,20
21,8
69,48
5,22
67,58
49,34
25,3
17,9
51,61
17,24
3,1
27,2
20,1
56,67
33,48
50,47
1,13
39,43
13,10
56,57
51,63
51,42
69,25
67,29
5,32
48,69
12,29
13,5
51,49
61,39
27,0
46,39
53,60
36,41
1,21
9,4
30,21
44,67
53,65
15,14
54,39
18,7
63,31
7,10
65,21
45,45
43,48
58,35
1,3
53,27
51,35
65,51
63,57
63,23
62,67
52,45
67,30
57,43
39,41
5,25
54,27
59,49
49,43
67,70
50,37
57,33
27,21
62,43
21,15
25,22
29,51
53,49
9,7
45,37
66,63
3,30
61,46
35,41
38,65
38,69
69,61
29,1
1,22
63,49
63,33
49,61
34,61
56,29
7,14
9,22
15,12
63,63
15,30
45,61
19,15
15,2
61,37
65,34
49,67
63,60
18,15
15,16
69,59
21,1
47,54
65,65
23,8
25,28
43,44
44,45
69,43
59,67
48,35
35,39
6,13
44,35
47,48
59,26
39,59
23,23
9,17
63,65
7,33
9,11
53,53
66,47
69,57
60,69
23,13
3,20
51,62
69,51
3,7
5,10
27,20
70,41
3,17
66,65
12,31
15,9
53,29
15,7
68,51
23,27
57,29
41,63
1,5
61,43
63,39
25,25
69,56
41,68
67,24
45,46
49,63
59,68
51,33
67,31
15,19
62,31
67,60
6,23
59,29
23,9
67,37
53,42
5,27
11,18
69,49
59,25
15,8
17,31
9,18
5,21
43,65
61,65
0,11
49,47
63,67
11,27
69,44
62,35
5,8
59,36
2,1
13,7
41,38
21,7
47,43
66,49
23,12
39,36
67,45
40,43
12,7
21,5
21,24
63,58
66,69
53,54
25,27
68,23
61,34
17,0
61,31
61,64
6,5
53,39
63,30
35,45
19,4
25,20
1,27
23,24
65,29
65,67
45,51
27,26
29,2
15,25
62,45
6,15
19,26
56,55
28,5
54,63
51,31
2,7
46,27
53,2
58,11
23,46
43,11
29,30
12,35
56,49
66,15
57,18
69,5
69,9
23,67
35,66
57,39
5,69
38,9
11,1
32,7
59,5
63,19
3,65
31,26
61,5
39,10
30,23
51,5
45,16
29,31
1,67
53,0
40,1
63,14
48,17
44,5
39,21
27,63
39,11
18,41
10,69
13,43
43,31
60,11
15,55
20,61
23,5
35,49
39,69
43,26
25,69
24,35
27,68
69,39
29,50
30,7
48,27
17,53
45,29
38,1
67,2
6,47
1,65
59,1
67,3
32,35
42,59
27,56
49,1
17,30
3,45
37,59
11,65
11,11
25,50
35,50
55,15
67,19
59,14
11,58
8,67
14,39
15,42
21,43
55,18
61,1
9,45
67,9
67,1
32,61
29,33
5,66
39,13
35,11
61,18
1,31
15,41
30,37
1,63
29,8
49,2
23,54
1,53
53,11
39,3
57,22
11,62
55,33
41,14
29,21
47,11
44,25
43,25
35,23
2,51
41,16
14,63
18,61
10,55
42,7
38,47
65,69
69,15
44,33
52,9
2,35
63,15
30,63
43,1
11,61
23,69
27,55
5,51
29,17
13,56
27,39
3,57
1,45
53,68
33,65
21,59
31,37
7,52
44,13
17,63
4,39
27,14
58,1
1,49
56,1
40,23
5,67
28,45
39,19
24,15
5,59
43,33
33,30
50,19
34,7
25,61
23,38
33,45
31,66
27,11
15,33
27,46
4,41
31,67
21,68
47,9
53,17
33,28
34,23
57,20
49,27
11,36
53,7
16,45
29,57
23,66
41,55
65,33
45,31
12,1
36,49
19,52
49,7
42,61
17,36
5,58
39,26
31,58
17,57
19,35
7,69
29,37
69,26
1,66
37,27
3,36
28,57
7,66
37,67
29,35
28,43
40,13
55,2
59,57
51,19
63,13
19,34
64,19
19,28
25,52
52,21
30,35
5,47
10,45
43,16
27,70
59,6
43,47
51,7
11,43
64,13
29,60
19,58
38,33
51,18
11,45
18,55
29,19
15,67
59,10
3,52
55,23
1,17
32,41
29,67
60,13
44,21
9,37
33,17
12,61
17,54
53,23
57,17
35,33
46,17
26,13
63,16
12,47
47,7
46,7
29,55
29,43
25,57
51,6
49,11
63,9
40,7
49,26
25,34
37,3
1,32
15,44
7,30
34,21
65,5
11,3
17,47
65,4
31,25
5,34
69,13
52,17
19,41
19,40
52,11
13,40
68,1
49,3
49,21
15,45
25,63
11,51
10,39
7,67
37,24
31,29
11,50
63,5
32,1
17,55
3,39
31,14
43,13
45,1
33,1
51,9
9,39
59,39
60,1
45,19
1,68
35,6
43,15
29,32
19,59
69,3
33,49
32,51
69,17
27,37
5,62
27,33
11,69
50,15
45,8
35,31
57,5
61,60
21,69
1,29
19,61
19,66
15,61
34,47
4,49
13,61
3,25
30,47
36,61
35,68
18,63
7,40
30,15
28,23
6,37
25,45
34,1
9,48
25,7
15,59
8,63
22,65
43,22
23,52
24,47
31,45
8,39
17,33
5,31
30,29
9,3
53,20
11,57
55,54
67,13
31,31
27,47
5,39
25,41
43,29
19,36
49,15
56,37
29,53
41,60
35,67
40,3
31,11
43,3
28,69
9,44
26,45
43,9
12,65
23,3
51,11
53,21
25,15
17,59
35,26
39,49
16,69
53,19
63,4
31,55
23,63
36,13
5,46
16,65
63,1
28,33
12,67
39,6
19,33
33,51
31,7
31,23
67,14
17,65
29,25
45,3
39,1
5,61
3,48
25,43
55,53
33,22
37,12
35,27
55,25
7,57
67,20
57,11
52,3
69,18
55,17
33,68
39,45
19,51
18,65
21,65
1,51
38,15
33,25
65,35
58,27
31,65
13,47
27,43
25,47
25,9
31,27
57,19
27,49
17,45
20,31
38,49
1,69
68,5
17,44
65,25
55,9
57,9
21,51
41,10
3,60
37,18
15,69
35,21
32,11
5,41
65,12
5,38
63,3
13,33
21,35
2,9
31,6
55,21
14,51
63,11
41,22
9,58
37,52
32,39
39,32
5,54
26,63
59,21
35,3
61,61
29,45
7,61
67,11
49,19
19,56
37,15
37,31
9,36
5,55
21,37
3,69
37,45
31,24
39,31
1,40
27,15
42,33
23,48
45,9
31,13
64,1
56,21
61,15
22,33
65,15
17,49
37,33
33,41
68,19
45,17
35,53
41,46
47,21
13,45
13,2
33,13
39,17
12,53
2,41
20,55
50,25
23,37
35,29
42,49
26,53
46,11
53,69
25,35
37,17
47,17
39,53
19,21
1,61
29,69
27,28
49,24
31,9
47,10
69,12
22,55
15,37
45,15
21,63
31,18
39,51
9,59
9,60
7,45
58,41
37,69
63,7
63,6
21,30
39,58
35,19
9,43
65,18
2,55
33,58
22,39
31,46
40,19
69,4
12,43
19,69
20,49
49,25
5,11
40,49
43,21
11,59
31,47
39,29
27,30
41,27
30,43
31,50
57,4
25,53
13,49
34,51
5,64
27,59
32,21
70,5
40,27
7,49
57,7
15,35
67,25
13,1
45,18
56,27
14,61
13,34
35,18
13,53
19,13
39,16
3,49
65,3
57,41
61,54
39,23
52,49
29,40
5,70
36,17
57,49
43,45
65,10
13,68
41,29
2,53
23,40
57,16
33,66
20,47
1,47
21,55
41,51
45,62
24,65
32,69
5,68
26,55
30,57
21,39
18,37
21,38
16,57
47,5
45,2
42,19
58,49
70,21
33,12
7,68
33,23
67,33
25,40
9,53
57,15
59,24
28,35
66,9
24,7
13,51
29,27
33,34
69,37
13,39
35,54
31,21
5,53
49,5
8,55
1,55
43,49
37,21
23,44
39,25
61,21
14,53
60,7
55,36
3,67
55,1
7,46
3,35
68,17
7,51
38,7
65,13
27,42
11,44
29,63
1,59
1,33
57,27
31,1
5,45
53,25
42,5
47,12
40,63
28,29
5,57
32,31
3,55
25,64
11,39
37,7
21,47
19,47
19,29
40,47
37,47
3,64
55,34
0,47
35,28
59,20
56,5
56,51
59,9
20,57
1,56
49,29
59,23
33,27
9,31
30,67
39,9
16,53
31,54
55,26
25,17
13,67
45,23
3,47
19,37
34,43
54,13
7,41
16,37
29,29
47,59
17,48
32,47
9,38
59,4
51,57
17,51
58,15
25,65
23,42
2,37
13,65
15,53
47,3
61,14
48,9
33,57
20,63
41,3
25,33
37,61
67,27
55,19
18,51
29,47
41,8
3,32
3,61
30,3
35,51
41,57
51,21
43,27
33,5
36,45
29,23
61,11
53,15
48,7
27,51
13,38
18,33
54,19
23,57
5,37
33,14
44,27
51,13
43,17
43,59
17,42
27,35
9,57
35,10
11,64
25,37
25,13
10,67
21,60
45,49
27,57
41,50
61,49
49,9
56,69
68,61
31,60
3,43
33,43
21,53
41,31
32,57
61,17
43,30
51,1
21,49
41,5
43,51
1,37
36,25
11,53
47,19
17,50
53,35
2,49
39,57
33,63
62,9
65,7
27,48
26,31
47,15
40,61
53,67
12,49
31,59
47,22
31,51
6,41
69,11
69,22
14,67
33,64
43,7
9,1
49,20
48,15
3,46
68,33
27,13
16,51
63,32
61,48
11,41
70,15
38,59
41,20
25,39
33,19
28,63
14,33
55,37
53,13
20,35
41,11
37,4
23,47
24,69
33,29
67,15
23,39
17,37
39,15
65,61
63,45
41,28
38,21
47,13
23,62
26,61
15,54
10,47
58,39
57,67
35,16
37,9
10,65
4,51
19,46
30,53
65,59
0,45
21,29
15,47
59,22
21,61
28,59
19,38
37,68
31,43
29,11
27,16
1,7
20,67
31,69
7,39
6,49
23,43
41,59
69,1
55,4
33,59
37,2
23,55
6,57
40,55
18,69
51,3
23,6
35,65
69,7
6,61
65,6
16,39
5,49
62,11
68,11
39,27
21,44
31,63
35,13
49,16
42,23
55,35
34,29
23,68
68,35
25,58
42,17
7,65
19,49
31,41
51,14
2,63
35,7
7,50
34,11
25,5
31,33
23,65
33,11
18,67
50,9
26,37
20,53
12,39
7,35
25,51
24,55
61,9
17,58
48,19
59,59
16,67
23,58
23,36
26,49
9,69
25,49
43,10
25,42
0,53
7,23
21,33
55,14
41,23
39,24
54,11
55,10
59,7
4,61
59,52
29,49
37,30
9,65
48,3
27,27
31,49
11,47
55,11
41,12
55,5
27,67
15,64
37,25
25,59
22,51
23,51
67,61
1,62
41,17
61,2
33,9
33,37
27,41
39,18
27,45
65,62
61,45
29,61
50,7
34,33
47,14
37,14
8,47
33,3
45,20
31,53
9,67
67,16
54,7
2,59
55,13
3,37
14,57
7,55
1,43
64,17
61,7
45,24
56,41
30,49
25,44
27,29
2,43
16,61
45,27
55,7
17,41
49,4
51,25
13,46
21,57
27,9
35,5
1,42
1,60
37,23
48,1
69,8
8,43
53,1
52,13
57,35
36,31
66,3
47,23
24,13
14,43
31,32
33,7
39,54
27,61
27,65
27,18
49,22
15,65
3,51
31,39
9,52
35,58
35,35
57,12
45,6
41,9
14,35
59,8
11,49
9,54
41,47
3,66
35,36
19,57
7,53
19,67
5,63
35,56
5,56
28,61
38,61
7,59
41,33
31,61
33,55
43,67
37,65
19,45
5,30
3,58
29,12
29,18
43,8
47,28
13,63
35,1
35,17
43,55
37,51
21,64
37,20
15,63
53,24
27,66
61,6
69,36
32,37
42,3
55,27
15,49
65,60
56,53
49,12
5,43
43,50
64,9
45,59
48,59
9,47
35,61
61,3
37,49
17,61
21,45
10,35
31,16
0,65
59,47
65,11
59,19
49,28
29,52
67,7
22,59
41,25
35,25
57,3
49,17
53,3
23,61
41,61
8,57
47,24
65,37
67,17
27,53
41,15
57,1
61,13
3,41
47,1
33,56
17,67
43,28
9,34
39,5
36,47
41,49
26,67
69,33
19,44
38,27
45,11
12,59
47,6
37,53
41,4
59,27
19,39
3,59
51,15
45,21
26,23
38,51
1,57
53,16
19,43
63,17
33,31
59,3
59,15
55,41
27,25
19,55
51,0
35,20
63,8
21,41
29,13
3,53
15,62
17,69
49,23
45,7
23,49
35,15
70,35
1,39
25,32
56,9
65,9
35,55
37,63
1,28
13,57
23,30
36,7
19,53
27,40
33,21
67,6
4,55
16,33
10,61
52,7
33,24
41,19
37,22
43,0
29,39
33,47
50,11
41,67
38,3
23,33
65,1
23,59
49,13
15,46
43,19
39,44
51,22
55,3
13,59
57,24
21,67
55,24
41,45
5,65
26,59
47,33
55,16
27,69
7,43
65,23
9,55
29,59
69,21
32,43
47,27
33,67
42,25
23,53
29,9
36,69
41,30
27,38
47,61
1,35
33,33
46,1
43,52
37,13
23,45
41,1
31,15
59,11
20,41
43,14
43,5
4,43
30,39
19,50
11,55
9,35
51,17
58,17
65,17
33,53
15,51
1,41
27,36
57,37
5,33
7,63
9,42
34,53
57,13
13,55
15,43
24,33
13,69
17,60
39,47
4,37
40,53
51,28
35,47
45,25
44,3
67,8
29,65
19,65
45,13
29,38
25,38
35,9
2,45
62,1
35,69
41,13
35,32
3,33
59,13
30,69
32,19
39,7
28,25
3,68
52,23
11,67
60,51
53,9
5,44
57,6
44,11
24,61
37,55
57,21
22,49
7,64
23,35
11,70
37,5
30,27
30,13
25,55
41,7
61,50
15,39
6,53
29,41
37,28
31,17
32,53
28,55
15,57
17,43
29,66
67,5
15,48
25,31
9,50
9,41
32,45
55,67
33,16
39,30
33,35
61,20
60,17
31,35
41,32
51,4
13,37
10,41
69,10
54,5
35,43
11,63
37,11
11,33
9,63
41,21
31,10
24,51
35,64
11,35
17,35
25,67
32,27
33,8
35,4
45,5
19,70
37,29
37,57
55,8
46,21
3,31
13,41
0,31
14,49
43,23
51,23
23,41
69,35
37,19
17,39
29,64
69,23
37,10
9,61
56,13
57,23
14,59
55,49
9,51
34,3
31,62
56,39
7,47
3,63
24,57
9,49
36,35
34,15
61,4
17,29
18,47
11,52
7,60
19,63
31,57
21,42
53,5
5,35
65,2
11,56
11,37
59,17
37,1
1,34
36,59
27,31
33,38
68,59
28,12
70,58
70,11
69,24
30,0
18,25
28,39
15,22
56,60
36,4
35,34
48,53
30,8
64,14
56,52
0,56
50,14
16,30
70,13
20,69
49,46
62,6
58,25
60,4
46,9
68,32
20,48
2,47
32,17
60,14
4,9
42,67
66,4
57,38
60,67
4,33
32,26
11,68
36,36
22,61
60,53
1,24
58,19
5,52
19,68
47,34
46,10
41,54
54,20
64,42
31,8
51,10
36,20
62,0
0,37
64,4
7,62
28,60
6,10
38,13
36,65
14,22
40,26
35,14
68,14
70,4
57,10
70,9
65,14
10,22
46,20
47,32
8,22
40,31
67,68
17,70
50,2
34,24
39,28
59,0
40,5
31,34
70,7
35,12
68,44
46,29
4,56
52,14
43,6
54,48
16,15
34,12
38,28
69,6
66,10
13,18
26,60
20,68
1,6
57,28
57,70
60,12
44,20
70,62
53,46
32,59
47,70
67,52
49,52
8,28
52,62
42,56
8,62
30,56
60,30
41,56
34,42
68,16
26,50
4,62
27,32
4,65
48,68
38,56
34,8
17,10
54,23
31,0
28,6
4,20
36,27
58,46
60,9
38,0
60,23
56,48
50,16
20,7
41,18
7,44
20,27
54,50
52,25
32,23
56,17
22,17
12,45
29,56
53,6
28,22
26,18
8,68
24,58
18,36
25,12
66,12
34,5
44,9
56,56
24,1
10,44
2,16
64,32
34,60
18,66
22,12
51,26
62,52
58,0
18,50
34,6
62,54
22,11
19,12
62,22
16,42
58,68
5,6
54,41
54,0
38,23
44,29
69,54
55,40
10,66
70,52
61,10
54,65
35,30
21,10
68,3
60,35
37,0
34,25
28,37
61,26
51,16
53,50
38,37
34,37
10,12
27,50
19,16
29,44
54,12
66,62
28,1
0,33
42,27
44,56
62,32
50,28
68,68
56,34
8,1
50,3
40,58
28,8
30,51
36,29
69,34
64,30
24,60
58,36
54,66
43,24
35,40
50,22
53,12
20,29
63,12
6,7
32,70
62,14
70,57
61,62
51,52
68,7
50,68
43,60
60,24
28,20
8,66
55,50
43,2
52,4
28,41
30,16
40,50
40,4
48,33
56,63
70,39
45,22
58,50
20,30
38,8
13,48
64,21
62,23
67,0
52,35
55,58
56,15
30,2
52,29
20,9
68,29
10,46
16,7
60,3
36,14
66,40
18,24
42,64
60,57
50,36
11,6
56,46
62,19
54,40
11,46
14,69
24,18
66,8
39,52
33,26
31,38
40,2
50,6
56,70
52,32
52,19
52,10
58,16
54,8
4,63
54,52
18,38
30,42
50,0
65,42
28,44
64,29
49,30
50,49
66,58
62,50
59,30
21,4
52,63
70,26
66,56
46,69
70,65
20,56
60,19
7,42
39,2
28,56
51,12
3,62
26,3
61,24
62,57
46,14
20,26
37,60
66,14
6,58
23,60
31,20
48,0
14,2
41,6
15,10
40,54
28,15
18,30
2,64
38,31
19,24
14,64
18,70
62,12
30,52
50,27
34,20
59,32
58,23
8,40
52,5
32,6
34,34
13,62
54,37
8,58
48,29
26,33
19,0
68,25
48,42
18,5
62,7
61,16
2,42
33,2
62,20
59,54
48,4
62,4
66,0
8,60
19,22
16,41
16,38
16,0
50,46
40,52
51,70
16,29
6,66
28,18
7,70
24,6
46,24
51,32
52,22
32,34
62,60
62,69
50,62
20,8
32,56
57,40
52,2
15,18
50,13
48,16
32,8
14,5
8,5
37,16
58,51
54,3
70,1
70,25
42,65
20,6
9,68
46,18
10,50
2,69
52,52
9,40
46,16
30,66
9,10
50,48
28,38
58,9
13,64
30,9
38,20
40,56
57,14
0,17
25,16
8,12
24,48
57,32
7,36
2,60
46,56
4,15
12,48
46,68
23,34
66,13
62,59
12,34
58,18
40,21
20,36
32,62
44,68
24,62
34,36
64,54
4,18
28,48
42,10
53,4
39,4
2,57
28,62
41,52
15,38
50,26
51,46
11,40
10,13
32,46
68,24
15,66
64,52
60,52
53,10
4,16
30,25
10,40
6,0
68,4
4,6
26,62
32,16
14,24
69,46
70,31
56,68
60,36
26,6
43,32
8,69
44,58
66,45
9,2
14,60
69,52
27,8
18,18
30,62
10,6
20,4
14,1
54,1
60,16
64,62
8,64
28,53
15,32
35,46
68,26
20,34
28,64
42,30
56,54
60,34
56,64
0,63
54,46
36,2
42,43
12,6
1,44
0,62
24,8
44,59
6,36
36,40
6,9
44,53
7,54
16,54
65,32
66,66
62,66
40,24
20,20
0,42
70,44
68,66
33,60
48,11
62,70
66,6
69,60
18,46
22,60
40,6
26,66
42,70
2,66
60,42
55,6
22,43
36,53
22,38
46,34
17,8
4,42
49,8
66,55
38,5
32,18
20,32
19,32
32,12
13,16
58,54
47,44
42,8
1,18
36,11
54,10
43,46
60,18
61,68
2,58
14,29
26,52
22,52
10,54
0,36
23,18
14,40
68,47
8,48
35,70
12,27
52,39
62,30
42,22
14,8
46,36
31,4
13,42
39,34
62,34
69,42
62,15
9,6
6,20
30,44
62,48
4,11
16,14
58,64
68,15
6,64
70,66
14,16
38,32
26,14
33,20
14,47
48,64
70,55
28,4
29,42
45,34
33,46
30,58
40,70
60,27
65,48
54,38
36,55
4,26
20,0
17,2
42,13
6,28
13,4
2,68
70,19
36,28
57,26
25,0
64,11
34,49
57,48
39,56
41,26
47,66
50,38
40,30
0,23
11,34
26,51
66,32
55,52
53,70
32,49
32,20
46,4
28,31
7,34
14,14
16,8
34,32
62,40
4,10
36,54
18,2
7,4
31,22
66,5
63,38
3,2
30,20
29,0
54,21
34,17
59,42
58,21
42,47
16,16
44,8
38,10
50,54
62,61
2,18
28,54
0,41
24,37
38,68
17,52
14,3
65,44
13,24
32,50
6,4
44,4
20,3
19,6
1,52
36,33
42,52
70,36
70,34
58,30
52,8
55,66
48,8
44,48
44,69
22,24
37,62
20,42
30,36
38,48
42,36
20,22
30,46
37,46
25,54
0,69
44,30
1,54
70,33
58,62
69,20
16,49
67,34
69,38
14,4
57,8
66,57
63,26
53,66
26,20
32,33
12,18
48,58
44,62
60,49
12,20
39,46
20,16
14,38
29,26
12,69
55,68
42,34
0,6
5,28
4,36
64,63
4,30
50,20
1,16
52,68
57,54
54,35
59,70
65,66
50,39
25,24
70,47
62,38
63,28
49,18
61,30
26,17
2,34
64,36
8,41
22,37
3,38
64,50
56,59
43,70
61,44
46,3
48,48
2,14
30,40
68,22
8,61
44,39
8,45
40,17
52,57
58,26
22,67
58,12
57,44
34,59
46,8
20,51
48,54
25,70
12,62
59,38
12,70
63,10
6,21
64,26
50,32
45,66
24,63
18,59
18,12
8,16
22,35
60,48
16,18
34,50
56,44
40,44
30,24
56,40
42,26
48,38
46,6
14,41
26,32
37,44
12,41
44,63
4,48
20,50
1,20
44,34
56,24
18,45
38,14
0,54
0,50
50,44
70,32
12,54
50,58
32,64
2,46
66,36
64,70
9,62
2,28
6,43
13,20
38,22
49,58
12,26
40,15
4,22
45,26
54,9
37,48
6,30
32,52
12,38
8,14
13,70
6,54
10,59
4,13
68,54
32,25
10,8
69,14
44,44
10,4
47,4
6,51
67,54
44,17
55,44
24,0
0,58
10,43
26,68
10,52
22,30
50,18
16,47
56,20
4,64
8,0
32,2
56,16
68,40
10,63
0,14
32,30
5,14
36,42
17,64
37,32
30,30
34,64
0,2
27,4
60,65
8,52
58,59
60,20
21,58
44,38
12,5
32,66
46,64
27,64
38,46
64,68
56,14
64,12
62,62
11,2
54,51
66,61
15,70
4,57
42,24
31,36
13,0
2,50
34,65
28,3
25,68
10,17
70,30
60,46
27,12
60,59
22,32
64,40
29,62
40,32
0,12
23,32
62,17
66,38
30,12
25,30
36,3
44,22
67,4
26,46
6,33
26,48
23,0
42,48
26,27
46,15
20,37
62,28
36,0
22,48
16,31
24,31
46,49
50,17
61,12
20,52
4,21
68,10
18,14
9,20
20,10
32,40
58,67
62,47
61,8
42,4
41,62
26,65
5,24
68,52
48,51
50,33
60,39
64,20
34,2
35,24
30,11
54,44
42,29
17,66
44,46
43,56
0,24
24,36
32,55
40,16
24,42
54,53
24,30
47,0
45,38
60,66
12,51
24,9
12,56
20,40
22,53
70,48
0,64
64,57
56,0
54,62
4,68
52,46
32,65
64,22
42,9
70,63
