--- scanner 0 ---
518,781,-434
587,-467,-517
-602,676,848
411,517,775
-6,117,112
521,910,-382
-579,596,796
-670,-552,413
329,507,669
-711,621,864
-757,-373,-766
463,-496,-653
-485,-567,434
333,-451,767
-688,-551,504
489,-466,723
638,-534,-698
-933,412,-628
619,877,-351
-129,21,-2
342,541,680
-957,462,-734
-924,543,-748
-959,-404,-724
-932,-350,-707
348,-491,716

--- scanner 1 ---
416,-472,809
-731,-669,-481
508,490,518
-86,89,144
501,551,488
557,-738,-447
444,724,-450
498,-583,871
605,-729,-624
-443,-654,634
-667,-743,-581
-343,475,-367
-595,979,559
-598,956,601
-403,-697,564
-404,-702,689
385,717,-310
94,175,27
567,555,384
-455,472,-446
-689,875,526
-383,458,-391
-673,-704,-577
445,630,-450
589,-455,881
626,-628,-514

--- scanner 2 ---
-666,-416,-935
-452,-753,396
-600,-412,-831
344,793,-685
-487,-758,447
-597,722,-448
601,495,259
305,841,-630
499,-817,-718
675,-415,676
-552,537,379
-607,-351,-801
-515,611,-510
304,836,-755
-504,482,315
590,-736,-793
-688,594,-438
640,-479,786
489,-422,708
-564,634,250
-461,-836,493
617,535,319
-150,11,8
-65,83,-161
496,-840,-760
739,545,232

--- scanner 3 ---
-300,354,-552
864,-675,-477
176,-8,-142
455,648,-617
-589,-630,-578
762,-614,424
-345,468,257
-643,-690,402
897,-656,-522
759,-701,376
676,758,287
-349,537,418
764,-474,394
-638,-844,370
-681,-786,561
743,717,433
790,-721,-442
-461,368,-428
723,739,373
511,641,-834
555,627,-697
-384,437,-508
-594,-416,-504
-328,551,413
-677,-565,-496
37,-11,29

--- scanner 4 ---
-463,497,873
-727,828,-603
-358,-623,-409
-677,852,-709
470,-637,736
-622,-516,800
-229,-626,-357
195,-29,49
789,817,-463
907,694,-426
842,744,-466
791,-795,-392
503,-681,584
736,333,929
-543,474,821
-632,-434,694
-596,819,-723
473,-533,593
770,-746,-524
-518,606,889
743,324,956
-598,-447,705
119,81,172
686,497,895
-262,-724,-326
712,-823,-439

--- scanner 5 ---
824,-682,628
726,-402,-319
837,485,848
436,977,-516
-622,-630,648
-486,670,-602
-452,675,-842
416,942,-403
589,976,-482
-488,548,483
-696,-352,-691
-447,688,-793
-474,-545,636
-588,-258,-784
641,-289,-320
879,-497,655
-46,38,-28
705,495,723
45,186,111
729,492,779
-496,-510,627
890,-604,524
-702,-340,-726
-455,530,452
560,-423,-263
-441,449,595

--- scanner 6 ---
-315,309,-414
439,-612,-437
-538,-660,630
829,555,783
-499,-635,616
55,46,-63
299,441,-807
873,-452,401
-623,-573,-845
-480,-681,752
-646,448,581
-797,447,531
860,-434,387
345,358,-846
506,-632,-490
-708,561,481
-506,-651,-875
-499,-451,-871
456,-672,-587
360,339,-854
-401,407,-429
-434,416,-379
695,-414,369
807,580,760
-93,-33,11
686,444,772

--- scanner 7 ---
347,355,826
742,-400,-856
-122,-84,-57
634,-749,447
659,723,-628
-705,-466,-772
-510,627,516
-465,589,691
834,-429,-868
-540,-497,739
-646,656,640
-456,773,-879
682,736,-614
-439,719,-906
296,408,674
-708,-409,-574
683,-647,381
-742,-505,-636
355,472,731
-397,750,-704
610,-598,339
18,28,34
674,742,-845
-634,-423,616
-625,-468,570
812,-405,-882

--- scanner 8 ---
606,-636,920
343,-356,-530
557,-603,786
667,542,625
646,-610,768
-579,-623,-790
-515,874,-784
682,590,688
405,-514,-535
396,-478,-607
-492,311,478
-83,-74,132
32,14,-5
-389,319,576
-701,-639,-754
451,523,-341
420,571,-292
-566,861,-808
-908,-471,778
-440,766,-739
428,740,-309
552,658,690
-637,-611,-745
-896,-347,751
-470,377,455
-891,-489,628

--- scanner 9 ---
686,-478,-712
-832,-720,-351
-684,511,488
631,391,752
588,681,-662
911,-874,524
-780,410,405
888,-786,433
593,566,707
-513,-716,558
774,-458,-617
548,696,-713
-836,-610,-356
-539,-943,552
-426,-842,624
816,-970,449
-29,-146,-102
-410,700,-615
-420,618,-721
141,-64,-47
771,-496,-798
-444,687,-626
-788,-535,-348
563,540,-669
-813,508,436
564,442,571

--- scanner 10 ---
718,-564,500
663,813,-420
-523,-541,309
541,738,414
-477,-521,503
-357,-705,-680
481,651,274
705,-297,-719
581,-271,-841
84,152,1
-593,493,-562
-247,893,331
588,-267,-641
597,817,-524
-359,896,410
540,644,414
614,-479,444
604,878,-554
39,33,-141
-582,-489,456
-499,389,-595
-502,412,-637
-287,910,355
-424,-652,-660
-374,-555,-620
731,-501,573

--- scanner 11 ---
897,-579,604
903,560,336
466,465,-620
790,-520,-775
821,-525,561
150,-94,2
-323,440,-709
510,561,-622
900,-617,478
887,-528,-807
-334,-617,-539
-570,523,294
-412,-655,-406
-645,458,361
838,612,489
-698,468,321
-381,346,-760
-469,-594,-571
-308,-475,425
-322,-636,481
576,408,-690
-366,-593,517
48,62,-135
905,-599,-719
852,625,444
-362,287,-685

--- scanner 12 ---
526,613,-486
754,893,779
707,546,-537
845,870,691
-533,-445,-768
-789,887,514
-547,-437,-830
-12,128,37
842,-831,-603
-586,-414,-880
-294,730,-446
-665,899,487
829,798,875
654,-444,747
873,-798,-505
-526,-655,497
571,575,-661
-286,847,-351
149,30,-42
-533,-566,479
790,-702,-606
-647,882,637
726,-557,848
-500,-615,345
720,-531,621
-235,794,-503

--- scanner 13 ---
691,-768,453
-484,762,339
496,346,561
574,316,444
595,604,-518
374,320,437
-816,-765,-822
555,701,-568
-926,-701,-787
-81,-17,44
661,-829,460
-587,-422,340
-493,812,372
-848,-758,-636
-633,-344,314
795,-764,519
-386,777,253
578,-363,-646
620,-340,-643
535,754,-501
-416,337,-422
-536,-427,305
-435,345,-407
-518,384,-361
3,-112,-115
653,-444,-737

--- scanner 14 ---
243,-555,655
750,450,795
10,-110,-8
347,-522,561
-764,607,-320
365,-751,-577
-687,349,631
-635,496,572
-798,-620,730
702,361,-285
764,395,867
-701,-580,780
752,467,-309
-540,-480,-681
-817,604,-393
453,-825,-645
-667,543,677
621,347,-318
266,-597,652
-556,-434,-601
-851,-640,797
-488,-456,-717
494,-664,-588
-882,644,-443
747,371,907
-90,-34,141

--- scanner 15 ---
50,-133,85
586,615,469
-447,-636,-526
-659,400,-586
-105,22,-10
-754,493,718
-666,541,-611
-685,440,628
595,569,514
-710,385,-626
512,-575,455
680,738,543
764,-880,-727
478,-637,551
-851,-705,747
-377,-433,-510
823,-705,-704
755,690,-543
515,-773,512
781,-907,-673
574,639,-610
-771,-696,679
710,515,-581
-356,-618,-525
-727,405,550
-834,-728,495

--- scanner 16 ---
407,710,-769
-50,-11,134
-702,-757,515
619,-668,667
461,-782,-781
753,-635,716
477,585,632
601,-661,756
-774,-793,506
584,-924,-786
-697,-915,453
250,591,658
-851,487,-431
-872,322,-397
-867,415,-582
611,-800,-798
-921,-632,-591
-189,-142,64
-912,-660,-527
319,619,-792
-957,-648,-469
-460,621,745
223,694,-697
-437,798,711
351,519,545
-439,841,786

--- scanner 17 ---
-534,753,-842
-960,-235,785
-525,-322,-659
-673,-346,-721
442,-608,-483
-122,78,-121
459,471,-673
-972,-404,793
767,580,773
8,-5,17
538,398,-734
-920,-347,784
-596,662,635
-456,617,-838
625,-456,498
-512,-272,-667
-623,591,619
431,-576,-444
637,534,817
651,-368,387
439,-521,-588
-607,436,644
696,556,718
532,460,-837
-500,756,-724
638,-345,550

--- scanner 18 ---
709,-483,-367
-680,-877,-594
748,-460,-317
784,-766,592
783,420,594
-355,383,859
697,-637,581
-314,-510,851
-711,-844,-692
695,-491,-429
760,433,608
-13,-42,-54
-338,437,886
-409,529,-536
-545,500,-660
-434,-379,860
-364,567,-711
775,414,825
-328,-429,884
858,-678,524
397,748,-694
-628,-748,-591
-296,406,684
106,95,64
456,684,-751
448,801,-846

--- scanner 19 ---
548,-925,-540
766,660,842
667,528,811
640,-824,-520
20,-99,4
-749,-854,-551
-137,2,-90
-871,242,377
526,535,-322
-922,394,430
-608,729,-576
-535,687,-625
298,-798,844
356,-919,763
-579,-856,-433
-492,-596,325
539,-791,-403
-368,-623,337
-584,621,-727
-598,-851,-651
803,521,779
510,564,-330
-510,-746,342
-863,337,494
308,536,-349
290,-896,741

--- scanner 20 ---
-443,-767,-548
-507,576,850
-568,497,777
-802,816,-814
616,839,712
-813,806,-716
435,444,-575
-517,-462,492
449,489,-588
-884,717,-845
-399,-496,495
832,-741,681
819,-784,526
-359,-702,-475
777,-622,-639
-403,-418,631
821,-620,-735
104,-111,10
-404,570,788
384,336,-640
713,710,724
711,-690,-792
-449,-793,-540
767,-712,541
768,774,772
-69,15,-48

--- scanner 21 ---
396,635,755
-441,773,-515
749,-637,420
17,53,-71
800,-357,-810
744,725,-372
-408,759,-434
454,539,790
729,-777,553
784,749,-389
-763,-823,-648
-786,-771,-568
-432,653,-384
-695,-388,580
-433,732,378
717,-414,-689
-677,-479,579
686,-447,-823
735,-702,373
-608,791,401
460,535,829
-654,-839,-593
-880,-409,595
-21,-116,33
-406,749,432
672,670,-386

--- scanner 22 ---
877,813,447
-554,665,637
863,758,519
-522,712,742
-581,-368,418
-512,724,-454
439,-269,391
-534,595,-571
125,6,154
860,837,407
611,754,-380
705,754,-381
560,-326,474
-19,147,77
-741,-333,495
-760,-510,-504
-676,-524,-619
464,-571,-382
-597,668,-558
-574,859,683
-572,-343,431
426,-359,505
618,894,-321
-651,-505,-369
482,-560,-523
460,-586,-326

--- scanner 23 ---
558,412,431
78,20,44
721,-315,-843
-766,-563,-610
526,614,-815
-315,-604,563
664,514,430
-383,-472,538
604,699,-904
-745,-378,-625
637,-437,406
706,511,382
-675,-581,-609
-404,518,459
-412,440,-509
613,591,-808
802,-376,-726
732,-415,-810
-456,596,-524
-499,449,483
-463,455,-549
595,-613,336
-510,436,449
646,-570,496
-331,-495,618

--- scanner 24 ---
458,-867,457
389,654,-484
751,748,679
746,-849,-605
-715,811,897
-644,-698,-562
523,-881,504
681,545,663
772,563,664
-700,-601,-533
-640,556,-442
-773,-622,-585
-37,25,-24
-923,-584,576
-869,-626,632
383,-861,637
-147,-104,168
803,-932,-726
321,522,-509
-726,711,864
-796,750,780
713,-818,-739
-631,689,-352
-955,-481,593
337,631,-564
-589,513,-282

--- scanner 25 ---
615,532,-575
-720,-384,-668
-379,769,527
416,905,494
890,-504,-433
-471,597,-761
506,804,397
373,-513,517
-493,-833,392
-554,-745,422
-422,-749,490
835,-480,-504
406,-515,531
504,444,-549
166,54,1
-253,681,548
448,867,298
-322,814,552
5,23,-117
-327,652,-769
515,-407,510
-556,-395,-741
667,421,-562
934,-458,-563
-617,-322,-662
-366,684,-758

--- scanner 26 ---
-658,498,-926
548,-363,-518
-466,-409,-409
-646,731,402
-374,-397,-438
-549,-637,714
-662,365,-857
739,-627,532
659,527,-852
-526,-651,727
-591,770,354
651,582,-708
358,458,660
271,336,650
-716,771,359
-534,-420,733
-396,-383,-414
603,-464,-556
766,-737,531
730,-729,671
-6,-26,-17
-637,410,-800
298,474,700
537,-537,-408
648,495,-813

--- scanner 27 ---
-370,576,594
756,-745,848
331,573,-440
521,-759,-580
-641,-479,794
362,-778,-592
581,508,540
-753,386,-329
327,512,-340
684,-758,727
-746,-438,720
-667,-795,-668
-778,415,-523
648,576,476
-867,-744,-678
317,523,-223
579,507,487
804,-753,814
-796,528,-357
-3,-47,5
-460,569,490
420,-652,-617
-501,529,542
-858,-508,754
-690,-695,-617

--- scanner 28 ---
545,732,409
848,671,-609
-531,473,545
-749,-478,-674
353,-601,-696
-444,466,568
477,-404,414
827,656,-424
-10,-37,2
494,772,394
-742,-463,-770
-554,-576,736
757,672,-627
450,-572,502
538,757,550
433,-533,-687
-639,438,-361
-650,471,-461
-522,377,653
370,-349,-719
-555,-446,635
-720,555,-422
-755,-558,-611
-516,-679,627
519,-482,449

--- scanner 29 ---
-306,737,554
668,707,-658
762,-561,-580
-275,836,686
-780,-298,-597
-338,873,547
822,576,779
722,-587,-428
798,639,-660
-687,-852,420
783,591,-723
-273,368,-772
552,-554,685
767,715,674
809,700,743
-354,426,-893
544,-540,747
-740,-801,268
-623,-793,363
673,-554,-562
-792,-422,-570
-376,360,-870
-775,-440,-720
102,21,-46
521,-501,797

--- scanner 30 ---
-695,269,-473
-165,-59,-27
700,-453,443
770,-458,417
-546,-455,-391
-750,-462,725
-784,-558,663
640,683,685
-498,720,420
508,-970,-464
450,315,-737
792,-482,431
520,358,-697
-747,-519,527
-523,-654,-343
575,310,-736
-41,-184,111
529,-844,-376
617,670,671
-439,697,595
504,-901,-331
-595,343,-409
-481,666,393
632,689,454
-639,-591,-391
-691,308,-467

--- scanner 31 ---
822,509,-602
-593,-792,788
-444,772,466
753,599,-549
778,-605,620
839,548,587
-527,713,-678
-687,-555,-826
829,-505,597
795,677,-514
-559,-862,676
-633,-821,571
-566,-542,-754
-447,715,664
778,-648,-490
919,480,596
741,-541,-591
53,-135,-49
-653,-547,-874
-612,684,-847
-410,676,528
839,-556,797
753,-522,-432
902,732,619
-518,758,-724

--- scanner 32 ---
-639,-722,-652
-332,635,547
620,-713,690
-835,-591,489
-513,-602,-673
-458,357,-705
820,393,-452
688,403,-577
-491,-637,-664
378,665,460
692,-749,699
-472,438,-848
355,842,494
357,885,419
-683,-617,449
-505,456,-817
-559,629,573
-433,563,660
-701,-624,538
807,-774,-672
873,-696,-776
92,44,-88
615,-871,752
712,400,-521
862,-589,-645

--- scanner 33 ---
807,-310,365
747,802,-660
-343,494,341
787,845,-590
459,817,455
523,891,555
592,-808,-627
-648,-580,-694
735,-324,420
-705,-621,-855
595,-831,-585
-621,490,-757
10,32,-45
786,850,-715
-345,-372,331
-637,-709,-781
847,-327,341
-404,471,-772
-369,-322,437
-545,463,299
-370,440,358
517,852,551
501,-727,-552
-635,477,-780
-378,-453,317

--- scanner 34 ---
462,-498,474
452,-352,604
486,551,654
398,-507,652
391,-452,-510
-361,-360,604
450,691,662
-753,-639,-758
918,522,-549
98,73,-86
-578,-304,611
469,-395,-661
858,562,-533
477,690,552
945,572,-411
-643,451,317
-498,-404,590
-46,163,-12
-691,745,-453
-767,612,331
-617,740,-667
-673,-746,-693
-718,-713,-712
-687,535,400
-699,828,-602
501,-388,-475

--- scanner 35 ---
542,322,-585
856,657,421
470,-631,749
478,-862,755
410,-873,-387
-592,516,-331
318,-885,-416
-869,530,770
-795,-655,554
797,714,485
-604,-919,-496
-786,-553,693
493,-645,736
518,430,-736
-733,523,802
-35,-86,69
-374,515,-358
-659,-818,-534
-832,391,833
-593,-745,-386
-822,-545,553
340,-899,-392
469,364,-634
-576,487,-339
-84,28,-109
805,809,368

--- scanner 36 ---
-558,471,-344
-709,594,415
723,-703,-309
-655,370,-254
707,-771,-457
414,743,-453
-459,408,-286
401,854,-505
-13,92,44
-730,-535,-625
552,-368,785
584,-748,-326
-838,-481,-656
597,591,528
-447,-287,927
-425,-301,903
388,831,-342
-713,461,484
608,623,489
486,-441,933
-818,-559,-655
-517,-313,932
600,678,633
-120,1,147
497,-267,823
-688,506,541

--- scanner 37 ---
768,-432,-774
-809,-717,-611
662,774,-471
-632,790,746
-492,782,710
65,151,15
454,-533,727
-513,-283,251
-503,-405,338
511,-382,805
-436,704,-546
-631,680,719
-804,-718,-736
447,-347,695
411,732,744
621,717,-632
-449,690,-569
-17,40,-126
849,-523,-699
-430,473,-554
-463,-421,278
557,602,734
566,780,798
872,-526,-741
750,706,-545
-761,-678,-666

--- scanner 38 ---
-662,-665,372
643,910,848
-575,-544,-461
-694,776,-406
-737,621,-419
341,-582,619
757,819,-525
536,-493,-789
368,-637,747
408,-647,694
689,884,770
740,919,765
-638,-818,411
-828,564,788
383,-545,-854
886,807,-622
-573,-640,-417
821,867,-470
-643,-697,-527
-838,618,553
491,-480,-803
-713,-759,430
-52,73,-21
-665,636,-471
-852,712,710

--- scanner 39 ---
-827,583,978
647,521,-591
-480,-628,-720
85,-6,165
364,-715,814
-785,756,-658
662,469,-663
-763,-377,534
-526,-702,-685
571,-660,-778
-577,-384,502
719,-738,-754
464,575,831
-705,573,891
373,-798,717
-689,533,951
-728,-441,424
-571,751,-584
665,-503,-764
476,672,960
-74,20,-10
507,456,-620
416,520,895
39,156,49
399,-720,763
-545,-735,-640
-636,839,-666